%create database structure:
unit=struct;
unit(1).facesize=[100 100;
                  100 100;
                  100 100;
                  100 100;
                  100 100;
                  100 100];
unit(2).facesize=[100 327.5;
                  100 327.5;
                  100 327.5;
                  100 327.5;
                  100 100;
                  100 100];
unit(3).facesize=[200 327.5;
                  100 327.5;
                  200 327.5;
                  100 327.5;
                  200 100;
                  200 100];
unit(4).facesize=[200 327.5;
                  200 327.5;
                  200 327.5;
                  200 327.5;
                  200 200;
                  200 200];
save unit.mat unit
                  

